101 103
765 1970
640.016 1942.47
530.875 1900.5
433.547 1842.03
344 1765
269.5 1681.12
216 1589
147.75 1407.25
123 1197
129.445 982.248
166.875 795.422
234.305 637.541
330.75 509.625
455.227 412.693
606.75 347.766
784.336 315.861
987 318
1148.38 339.875
1258 370
1276.5 390
1280 455
1279.23 504.359
1268.62 525.875
1168 509
937.375 482.375
730 494
619.781 533.922
526.25 593.625
449.594 673.016
390 772
332.375 951.125
322 1179
330.75 1317.5
350 1405
397.844 1521
461.25 1619
539.281 1697.5
631 1755
759 1800
863.391 1810.11
977.625 1805.12
1091.3 1786.08
1194 1754
1257 1730
1300 1809
1339 1888
1267 1914
1125 1955
940.875 1974.12
3080 1875
3080 1790
3335 1790
3590 1790
3590 1065
3590 340
3685 340
3780 340
3780 1065
3780 1790
4035 1790
4290 1790
4290 1875
4290 1960
3685 1960
3080 1960
1630 1141
1630 330
1883 330
2196.38 338.875
2389 371
2527.62 424.547
2651.25 503.875
2753.5 604.016
2828 720
2896.5 915.625
2914 1160
2909.38 1317.38
2892 1414
2819.53 1595.61
2711.25 1740.38
2566.59 1848.95
2385 1922
2265 1941
1968 1948
1630 1952
2320 1767
2458.41 1708.47
2567.75 1622.75
2648.22 1509.66
2700 1369
2721 1150
2700 931
2644.95 783.922
2558.12 665.625
2439.98 576.766
2291 518
2018 493
1820 487
1820 1140
1820 1792
2043 1787
0 1
1 2
2 3
3 4
4 5
5 6
6 7
7 8
8 9
9 10
10 11
11 12
12 13
13 14
14 15
15 16
16 17
17 18
18 19
19 20
20 21
21 22
22 23
23 24
24 25
25 26
26 27
27 28
28 29
29 30
30 31
31 32
32 33
33 34
34 35
35 36
36 37
37 38
38 39
39 40
40 41
41 42
42 43
43 44
44 45
45 46
46 47
47 48
0 48
0 0
0 0
49 50
50 51
51 52
52 53
53 54
54 55
55 56
56 57
57 58
58 59
59 60
60 61
61 62
62 63
63 64
49 64
65 66
66 67
67 68
68 69
69 70
70 71
71 72
72 73
73 74
74 75
75 76
76 77
77 78
78 79
79 80
80 81
81 82
82 83
83 84
65 84
85 86
86 87
87 88
88 89
89 90
90 91
91 92
92 93
93 94
94 95
95 96
96 97
97 98
98 99
99 100
85 100