103 103
765.0000 1970.0000
640.0156 1942.4688
530.8750 1900.5000
433.5469 1842.0313
344.0000 1765.0000
269.5000 1681.1250
216.0000 1589.0000
147.7500 1407.2500
123.0000 1197.0000
129.4453 982.2480
166.8750 795.4219
234.3047 637.5410
330.7500 509.6250
455.2266 412.6934
606.7500 347.7656
784.3359 315.8613
987.0000 318.0000
1148.3750 339.8750
1258.0000 370.0000
1276.5000 390.0000
1280.0000 455.0000
1279.2344 504.3594
1268.6250 525.8750
1168.0000 509.0000
937.3750 482.3750
730.0000 494.0000
619.7813 533.9219
526.2500 593.6250
449.5938 673.0156
390.0000 772.0000
332.3750 951.1250
322.0000 1179.0000
330.7500 1317.5000
350.0000 1405.0000
397.8438 1521.0000
461.2500 1619.0000
539.2813 1697.5000
631.0000 1755.0000
759.0000 1800.0000
863.3906 1810.1094
977.6250 1805.1250
1091.2969 1786.0781
1194.0000 1754.0000
1257.0000 1730.0000
1300.0000 1809.0000
1339.0000 1888.0000
1267.0000 1914.0000
1125.0000 1955.0000
940.8750 1974.1250
765.0000 1970.0000
765.0000 1970.0001
3080.0000 1875.0000
3080.0000 1790.0000
3335.0000 1790.0000
3590.0000 1790.0000
3590.0000 1065.0000
3590.0000 340.0000
3685.0000 340.0000
3780.0000 340.0000
3780.0000 1065.0000
3780.0000 1790.0000
4035.0000 1790.0000
4290.0000 1790.0000
4290.0000 1875.0000
4290.0000 1960.0000
3685.0000 1960.0000
3080.0000 1960.0001
1630.0000 1141.0000
1630.0000 330.0000
1883.0000 330.0000
2196.3750 338.8750
2389.0000 371.0000
2527.6250 424.5469
2651.2500 503.8750
2753.5000 604.0156
2828.0000 720.0000
2896.5000 915.6250
2914.0000 1160.0000
2909.3750 1317.3750
2892.0000 1414.0000
2819.5313 1595.6094
2711.2500 1740.3750
2566.5938 1848.9531
2385.0000 1922.0000
2265.0000 1941.0000
1968.0000 1948.0000
1630.0000 1952.0000
2320.0000 1767.0000
2458.4063 1708.4688
2567.7500 1622.7500
2648.2188 1509.6563
2700.0000 1369.0000
2721.0000 1150.0000
2700.0000 931.0000
2644.9531 783.9219
2558.1250 665.6250
2439.9844 576.7656
2291.0000 518.0000
2018.0000 493.0000
1820.0000 487.0000
1820.0000 1140.0000
1820.0000 1792.0000
2043.0000 1787.0000
0 1
1 2
2 3
3 4
4 5
5 6
6 7
7 8
8 9
9 10
10 11
11 12
12 13
13 14
14 15
15 16
16 17
17 18
18 19
19 20
20 21
21 22
22 23
23 24
24 25
25 26
26 27
27 28
28 29
29 30
30 31
31 32
32 33
33 34
34 35
35 36
36 37
37 38
38 39
39 40
40 41
41 42
42 43
43 44
44 45
45 46
46 47
47 48
48 49
49 50
50 0
51 52
52 53
53 54
54 55
55 56
56 57
57 58
58 59
59 60
60 61
61 62
62 63
63 64
64 65
65 66
66 51
67 68
68 69
69 70
70 71
71 72
72 73
73 74
74 75
75 76
76 77
77 78
78 79
79 80
80 81
81 82
82 83
83 84
84 85
85 86
86 67
87 88
88 89
89 90
90 91
91 92
92 93
93 94
94 95
95 96
96 97
97 98
98 99
99 100
100 101
101 102
102 87