78 78
2646.483004 4635.168252
2940.454821 4768.453360
2956.371323 4741.992504
2919.866354 4733.151108
2907.399464 4714.272492
2860.306798 4697.221008
2780.158799 4650.778860
2265.225986 4403.916563
2182.209600 4365.631781
2173.947532 4397.984430
2232.832254 4409.193994
2145.628913 4499.153591
2066.116789 4531.471540
2107.904595 4569.142974
2173.586631 4545.401212
2245.979345 4504.443379
2329.936334 4536.309812
2382.950861 4505.163464
2414.148222 4533.413655
2420.020403 4567.534854
2469.472407 4591.682871
2538.962717 4586.428933
2606.040217 4616.841854
2595.426630 4630.277520
2568.937784 4646.133540
2554.361486 4663.323147
2552.593887 4672.138585
2564.495713 4691.093858
2583.462998 4703.889658
2583.911492 4693.312373
2590.975244 4690.229175
2608.631592 4687.598233
2615.241370 4693.777127
2615.239494 4696.864568
2594.057935 4700.373892
2580.785697 4755.025906
2570.185110 4768.249869
2570.174324 4786.317531
2587.819934 4800.873632
2593.997380 4800.877349
2590.474213 4788.090764
2586.503055 4785.012080
2591.805134 4780.601452
2593.577019 4764.730612
2601.971607 4754.158121
2614.770649 4751.078432
2614.796616 4708.322388
2618.328357 4706.998159
2627.147740 4714.939484
2646.567444 4710.548705
2657.148030 4720.252242
2653.172499 4734.349482
2635.514965 4739.187149
2631.101149 4747.120403
2620.062813 4752.842717
2605.929343 4769.151887
2605.926408 4774.000396
2612.545497 4774.884941
2616.957172 4780.616664
2621.371786 4781.499884
2624.025906 4769.162877
2629.322080 4764.317597
2641.231696 4769.608090
2648.729638 4779.309717
2663.295551 4778.884008
2666.828119 4766.101730
2690.222871 4758.180330
2706.114874 4748.493266
2710.977196 4740.560372
2710.115392 4704.848041
2688.487237 4715.423185
2670.390725 4714.966084
2665.102357 4707.026855
2639.960968 4688.943700
2619.221169 4682.756151
2604.677698 4655.852030
2615.271092 4644.846203
2635.574060 4642.651673
0  1
1  2 
2  3 
3  4 
4  5 
5  6 
6  7 
7  8 
8  9 
9  10
10 11
11 12
12 13
13 14
14 15
15 16
16 17
17 18
18 19
19 20
20 21
21 22
22 23
23 24
24 25
25 26
26 27
27 28
28 29
29 30
30 31
31 32
32 33
33 34
34 35
35 36
36 37
37 38
38 39
39 40
40 41
41 42
42 43
43 44
44 45
45 46
46 47
47 48
48 49
49 50
50 51
51 52
52 53
53 54
54 55
55 56
56 57
57 58
58 59
59 60
60 61
61 62
62 63
63 64
64 65
65 66
66 67
67 68
68 69
69 70
70 71
71 72
72 73
73 74
74 75
75 76
76 77
77 0