50 50
0.6814 1.2932
0.7148 1.2004
0.7574 1.1074
0.8143 1.0178
0.8963 0.9360
0.9825 0.8672
1.0713 0.8072
1.1610 0.7660
1.2482 0.7350
1.3416 0.7122
1.4344 0.6954
1.5202 0.6852
1.6132 0.6802
1.7064 0.6802
1.7994 0.6946
1.8926 0.7160
1.9848 0.7412
2.0780 0.7758
2.1706 0.8178
2.2616 0.8718
2.3498 0.9444
2.4318 1.0256
2.5044 1.1130
2.5600 1.1984
2.5896 1.2914
2.6132 1.3848
2.6294 1.4774
2.5998 1.5688
2.5333 1.6370
2.4400 1.6230
2.3494 1.5844
2.2576 1.5308
2.1664 1.4872
2.0820 1.4402
1.9928 1.4052
1.8996 1.3756
1.8068 1.3492
1.7136 1.3342
1.6208 1.3278
1.5274 1.3264
1.4346 1.3384
1.3414 1.3596
1.2484 1.3860
1.1556 1.4258
1.0634 1.4642
0.9744 1.5058
0.8816 1.5464
0.7882 1.5496
0.7046 1.4790
0.6890 1.3860
0  1
1  2 
2  3 
3  4 
4  5 
5  6 
6  7 
7  8 
8  9 
9  10
10 11
11 12
12 13
13 14
14 15
15 16
16 17
17 18
18 19
19 20
20 21
21 22
22 23
23 24
24 25
25 26
26 27
27 28
28 29
29 30
30 31
31 32
32 33
33 34
34 35
35 36
36 37
37 38
38 39
39 40
40 41
41 42
42 43
43 44
44 45
45 46
46 47
47 48
48 49
49 0